%VERSION  VERSION_STAMP = V0001.000  DATE = 07/24/26  17:47:39                  
%FLAG TITLE                                                                     
%FORMAT(20a4)                                                                   
propionic                                                                       
%FLAG POINTERS                                                                  
%FORMAT(10I8)                                                                   
      11       6       6       4      12       4      18       5       0       0
      45       1       4       4       5       6       8      12       6       0
       0       0       0       0       0       0       0       0      11       0
       0
%FLAG ATOM_NAME                                                                 
%FORMAT(20a4)                                                                   
C1  C2  C3  O1  O2  H1  H2  H3  H4  H5  H6  
%FLAG CHARGE                                                                    
%FORMAT(5E16.8)                                                                 
 -1.62195201E+00 -3.12164730E+00  1.13013031E+01 -8.79971598E+00 -1.06602128E+01
  9.19457500E-01  9.19457500E-01  9.19457500E-01  1.23530463E+00  1.23530463E+00
  7.67324322E+00
%FLAG ATOMIC_NUMBER                                                             
%FORMAT(10I8)                                                                   
       6       6       6       8       8       1       1       1       1       1
       1
%FLAG MASS                                                                      
%FORMAT(5E16.8)                                                                 
  1.20100000E+01  1.20100000E+01  1.20100000E+01  1.60000000E+01  1.60000000E+01
  1.00800000E+00  1.00800000E+00  1.00800000E+00  1.00800000E+00  1.00800000E+00
  1.00800000E+00
%FLAG ATOM_TYPE_INDEX                                                           
%FORMAT(10I8)                                                                   
       1       1       2       3       4       5       5       5       5       5
       6
%FLAG NUMBER_EXCLUDED_ATOMS                                                     
%FORMAT(10I8)                                                                   
       9       9       8       4       3       4       3       2       1       1
       1
%FLAG NONBONDED_PARM_INDEX                                                      
%FORMAT(10I8)                                                                   
       1       2       4       7      11      16       2       3       5       8
      12      17       4       5       6       9      13      18       7       8
       9      10      14      19      11      12      13      14      15      20
      16      17      18      19      20      21
%FLAG RESIDUE_LABEL                                                             
%FORMAT(20a4)                                                                   
MOL 
%FLAG RESIDUE_POINTER                                                           
%FORMAT(10I8)                                                                   
       1
%FLAG BOND_FORCE_CONSTANT                                                       
%FORMAT(5E16.8)                                                                 
  2.28890000E+02  3.45250000E+02  2.34850000E+02  5.90600000E+02  3.59270000E+02
  5.35510000E+02
%FLAG BOND_EQUIL_VALUE                                                          
%FORMAT(5E16.8)                                                                 
  1.53540000E+00  1.09620000E+00  1.52700000E+00  1.21900000E+00  1.35560000E+00
  9.72500000E-01
%FLAG ANGLE_FORCE_CONSTANT                                                      
%FORMAT(5E16.8)                                                                 
  6.03600000E+01  4.32700000E+01  7.64500000E+01  7.74200000E+01  4.36300000E+01
  6.84600000E+01  1.02030000E+02  3.58000000E+01
%FLAG ANGLE_EQUIL_VALUE                                                         
%FORMAT(5E16.8)                                                                 
  1.94482122E+00  1.91427794E+00  2.14501057E+00  1.96768504E+00  1.90153704E+00
  1.85947458E+00  2.13087340E+00  1.88024401E+00
%FLAG DIHEDRAL_FORCE_CONSTANT                                                   
%FORMAT(5E16.8)                                                                 
  6.80000000E-01  2.00000000E-01  4.40000000E-01  0.00000000E+00  1.80000000E+00
  1.55555556E-01  4.03000000E+00  3.66000000E+00  1.90000000E+00  2.30000000E+00
  1.20000000E-01  1.10000000E+00
%FLAG DIHEDRAL_PERIODICITY                                                      
%FORMAT(5E16.8)                                                                 
  1.00000000E+00  2.00000000E+00  3.00000000E+00  2.00000000E+00  2.00000000E+00
  3.00000000E+00  1.00000000E+00  2.00000000E+00  1.00000000E+00  2.00000000E+00
  3.00000000E+00  2.00000000E+00
%FLAG DIHEDRAL_PHASE                                                            
%FORMAT(5E16.8)                                                                 
  0.00000000E+00  3.14159400E+00  3.14159400E+00  3.14159400E+00  3.14159400E+00
  0.00000000E+00  0.00000000E+00  3.14159400E+00  0.00000000E+00  3.14159400E+00
  0.00000000E+00  3.14159400E+00
%FLAG SCEE_SCALE_FACTOR                                                         
%FORMAT(5E16.8)                                                                 
  1.20000000E+00  1.20000000E+00  1.20000000E+00  1.20000000E+00  1.20000000E+00
  1.20000000E+00  1.20000000E+00  1.20000000E+00  1.20000000E+00  1.20000000E+00
  1.20000000E+00  0.00000000E+00
%FLAG SCNB_SCALE_FACTOR                                                         
%FORMAT(5E16.8)                                                                 
  2.00000000E+00  2.00000000E+00  2.00000000E+00  2.00000000E+00  2.00000000E+00
  2.00000000E+00  2.00000000E+00  2.00000000E+00  2.00000000E+00  2.00000000E+00
  2.00000000E+00  0.00000000E+00
%FLAG SOLTY                                                                     
%FORMAT(5E16.8)                                                                 
  0.00000000E+00  0.00000000E+00  0.00000000E+00  0.00000000E+00  0.00000000E+00
  0.00000000E+00
%FLAG LENNARD_JONES_ACOEF                                                       
%FORMAT(5E16.8)                                                                 
  1.02073671E+06  8.43969952E+05  6.96551276E+05  6.30925504E+05  5.17507491E+05
  3.76435470E+05  7.18991463E+05  5.92438683E+05  4.37717034E+05  5.03152404E+05
  1.00235148E+05  8.12662403E+04  5.68021765E+04  6.80216136E+04  7.94617769E+03
  3.03553352E+02  2.25372434E+02  1.15813907E+02  1.74176419E+02  8.80612241E+00
  1.10360882E-05
%FLAG LENNARD_JONES_BCOEF                                                       
%FORMAT(5E16.8)                                                                 
  6.63431737E+02  5.90251928E+02  5.24668528E+02  5.62969425E+02  4.98871431E+02
  4.69350655E+02  5.36620538E+02  4.76608379E+02  4.51916854E+02  4.32634597E+02
  1.37787728E+02  1.21392023E+02  1.11953944E+02  1.09393126E+02  2.57122925E+01
  5.22789272E+00  4.40751799E+00  3.48534600E+00  3.81654050E+00  5.90150328E-01
  4.55498033E-04
%FLAG BONDS_INC_HYDROGEN                                                        
%FORMAT(10I8)                                                                   
       0      15       2       0      18       2       0      21       2       3
      24       2       3      27       2      12      30       6
%FLAG BONDS_WITHOUT_HYDROGEN                                                    
%FORMAT(10I8)                                                                   
       0       3       1       3       6       3       6       9       4       6
      12       5
%FLAG ANGLES_INC_HYDROGEN                                                       
%FORMAT(10I8)                                                                   
       0       3      24       2       0       3      27       2       3       0
      15       2       3       0      18       2       3       0      21       2
       6       3      24       5       6       3      27       5       6      12
      30       6      15       0      18       8      15       0      21       8
      18       0      21       8      24       3      27       8
%FLAG ANGLES_WITHOUT_HYDROGEN                                                   
%FORMAT(10I8)                                                                   
       0       3       6       1       3       6       9       3       3       6
      12       4       9       6      12       7
%FLAG DIHEDRALS_INC_HYDROGEN                                                    
%FORMAT(10I8)                                                                   
       3       6      12      30       5      15       0       3       6       6
      18       0       3       6       6      21       0       3       6       6
       9       6       3      24       7       9       6      -3      24       8
       9       6       3      27       7       9       6      -3      27       8
       9       6      12      30       9       9       6     -12      30      10
      12       6       3      24       4      12       6       3      27       4
      15       0       3      24      11      15       0       3      27      11
      18       0       3      24      11      18       0       3      27      11
      21       0       3      24      11      21       0       3      27      11
%FLAG DIHEDRALS_WITHOUT_HYDROGEN                                                
%FORMAT(10I8)                                                                   
       0       3       6       9       1       0       3      -6       9       2
       0       3      -6       9       3       0       3       6      12       4
       3       9      -6     -12      12
%FLAG EXCLUDED_ATOMS_LIST                                                       
%FORMAT(10I8)                                                                   
       2       3       4       5       6       7       8       9      10       3
       4       5       6       7       8       9      10      11       4       5
       6       7       8       9      10      11       5       9      10      11
       9      10      11       7       8       9      10       8       9      10
       9      10      10       0       0
%FLAG HBOND_ACOEF                                                               
%FORMAT(5E16.8)                                                                 

%FLAG HBOND_BCOEF                                                               
%FORMAT(5E16.8)                                                                 

%FLAG HBCUT                                                                     
%FORMAT(5E16.8)                                                                 

%FLAG AMBER_ATOM_TYPE                                                           
%FORMAT(20a4)                                                                   
c3  c3  c   o   oh  hc  hc  hc  hc  hc  ho  
%FLAG TREE_CHAIN_CLASSIFICATION                                                 
%FORMAT(20a4)                                                                   
BLA BLA BLA BLA BLA BLA BLA BLA BLA BLA BLA 
%FLAG JOIN_ARRAY                                                                
%FORMAT(10I8)                                                                   
       0       0       0       0       0       0       0       0       0       0
       0
%FLAG IROTAT                                                                    
%FORMAT(10I8)                                                                   
       0       0       0       0       0       0       0       0       0       0
       0
%FLAG RADIUS_SET                                                                
%FORMAT(1a80)                                                                   
Bondi radii (bondi)                                                             
%FLAG RADII                                                                     
%FORMAT(5E16.8)                                                                 
  1.70000000E+00  1.70000000E+00  1.70000000E+00  1.50000000E+00  1.50000000E+00
  1.20000000E+00  1.20000000E+00  1.20000000E+00  1.20000000E+00  1.20000000E+00
  1.20000000E+00
%FLAG SCREEN                                                                    
%FORMAT(5E16.8)                                                                 
  7.20000000E-01  7.20000000E-01  7.20000000E-01  8.50000000E-01  8.50000000E-01
  8.50000000E-01  8.50000000E-01  8.50000000E-01  8.50000000E-01  8.50000000E-01
  8.50000000E-01
%FLAG IPOL                                                                      
%FORMAT(1I8)                                                                    
       0
